3
110
011
001
001
010
000
000
001
001
010
000
011
001
010
010
000
001
000
011
011
000
000
000
011
010
011
010
001
011
001
011
000
000
011
011
011
001
010
001
000
000
000
000
011
011
011
001
010
001
000
000
000
011
011
011
001
010
001
001
000
100
000
000
000
000
001
000
001
001
011
101
011
011
110
010
011
011
001
010
010
010
010
011
010
010
010
010
001
010
001
011
100
000
010
010
100
000
010
001
001
000
011
001
010
000
010
001
001
000
011
000
010
010
011
001
001
011
010
010
011
001
011
010
001
001
011
010
010
010
010
001
010
001
110
010
011
001
010
010
011
011
001
011
010
100
111
100
000
111
000
011
010
011
001
001
011
010
001
110
101
000
011
000
000
010
010
000
001
010
000
010
101
010
001
001
010
011
000
000
011
011
011
010
110
000
000
010
000
000
011
010
001
001
100
END
